GCF_014825515.1_IFN_syntenic__NW_023560061.1__NW_023561320.1__NW_023550340.1__NW_023565373.1	IFN_scaffold_1964:57573000-57831000	97.995	25837	390	51	509863	535636	252429	226658	0.0	44725	535636	258000
GCF_014825515.1_IFN_syntenic__NW_023560061.1__NW_023561320.1__NW_023550340.1__NW_023565373.1	IFN_scaffold_1964:57573000-57831000	97.486	14163	225	32	236883	250985	32492	18401	0.0	24062	535636	258000
GCF_014825515.1_IFN_syntenic__NW_023560061.1__NW_023561320.1__NW_023550340.1__NW_023565373.1	IFN_scaffold_1964:57573000-57831000	98.203	12462	127	26	205031	217435	67034	54613	0.0	21684	535636	258000
GCF_014825515.1_IFN_syntenic__NW_023560061.1__NW_023561320.1__NW_023550340.1__NW_023565373.1	IFN_scaffold_1964:57573000-57831000	98.423	12178	131	28	217539	229680	54767	42615	0.0	21368	535636	258000
GCF_014825515.1_IFN_syntenic__NW_023560061.1__NW_023561320.1__NW_023550340.1__NW_023565373.1	IFN_scaffold_1964:57573000-57831000	98.130	11922	191	17	265593	277494	192578	204487	0.0	20751	535636	258000
GCF_014825515.1_IFN_syntenic__NW_023560061.1__NW_023561320.1__NW_023550340.1__NW_023565373.1	IFN_scaffold_1964:57573000-57831000	97.848	11710	177	23	167330	179011	104826	93164	0.0	20159	535636	258000
GCF_014825515.1_IFN_syntenic__NW_023560061.1__NW_023561320.1__NW_023550340.1__NW_023565373.1	IFN_scaffold_1964:57573000-57831000	97.966	10913	166	23	194147	205033	77516	66634	0.0	18872	535636	258000
GCF_014825515.1_IFN_syntenic__NW_023560061.1__NW_023561320.1__NW_023550340.1__NW_023565373.1	IFN_scaffold_1964:57573000-57831000	98.521	10142	99	17	255436	265551	182616	192732	0.0	17850	535636	258000
GCF_014825515.1_IFN_syntenic__NW_023560061.1__NW_023561320.1__NW_023550340.1__NW_023565373.1	IFN_scaffold_1964:57573000-57831000	98.486	9973	102	15	179013	188949	93544	83585	0.0	17536	535636	258000
GCF_014825515.1_IFN_syntenic__NW_023560061.1__NW_023561320.1__NW_023550340.1__NW_023565373.1	IFN_scaffold_1964:57573000-57831000	98.302	7127	87	15	229763	236884	41773	34676	0.0	12460	535636	258000
GCF_014825515.1_IFN_syntenic__NW_023560061.1__NW_023561320.1__NW_023550340.1__NW_023565373.1	IFN_scaffold_1964:57573000-57831000	98.514	5652	65	15	504217	509859	258000	252359	0.0	9954	535636	258000
GCF_014825515.1_IFN_syntenic__NW_023560061.1__NW_023561320.1__NW_023550340.1__NW_023565373.1	IFN_scaffold_1964:57573000-57831000	97.756	5170	95	9	188944	194110	82667	77516	0.0	8885	535636	258000
GCF_014825515.1_IFN_syntenic__NW_023560061.1__NW_023561320.1__NW_023550340.1__NW_023565373.1	IFN_scaffold_1964:57573000-57831000	98.332	4915	70	7	292340	297251	218823	223728	0.0	8612	535636	258000
GCF_014825515.1_IFN_syntenic__NW_023560061.1__NW_023561320.1__NW_023550340.1__NW_023565373.1	IFN_scaffold_1964:57573000-57831000	97.993	4186	83	1	251249	255433	178526	182711	0.0	7265	535636	258000
GCF_014825515.1_IFN_syntenic__NW_023560061.1__NW_023561320.1__NW_023550340.1__NW_023565373.1	IFN_scaffold_1964:57573000-57831000	95.940	3842	121	14	301552	305382	166657	170474	0.0	6198	535636	258000
GCF_014825515.1_IFN_syntenic__NW_023560061.1__NW_023561320.1__NW_023550340.1__NW_023565373.1	IFN_scaffold_1964:57573000-57831000	98.476	3477	48	3	277496	280971	204372	207844	0.0	6122	535636	258000
GCF_014825515.1_IFN_syntenic__NW_023560061.1__NW_023561320.1__NW_023550340.1__NW_023565373.1	IFN_scaffold_1964:57573000-57831000	98.893	3252	33	3	304343	307592	130364	127114	0.0	5803	535636	258000
GCF_014825515.1_IFN_syntenic__NW_023560061.1__NW_023561320.1__NW_023550340.1__NW_023565373.1	IFN_scaffold_1964:57573000-57831000	94.681	3271	151	16	1	3262	3257	1	0.0	5055	535636	258000
GCF_014825515.1_IFN_syntenic__NW_023560061.1__NW_023561320.1__NW_023550340.1__NW_023565373.1	IFN_scaffold_1964:57573000-57831000	97.029	2087	58	2	290254	292338	216823	218907	0.0	3507	535636	258000
GCF_014825515.1_IFN_syntenic__NW_023560061.1__NW_023561320.1__NW_023550340.1__NW_023565373.1	IFN_scaffold_1964:57573000-57831000	96.949	1639	47	3	286504	288141	213197	214833	0.0	2747	535636	258000
GCF_014825515.1_IFN_syntenic__NW_023560061.1__NW_023561320.1__NW_023550340.1__NW_023565373.1	IFN_scaffold_1964:57573000-57831000	97.173	1592	42	3	301552	303142	213128	214717	0.0	2687	535636	258000
GCF_014825515.1_IFN_syntenic__NW_023560061.1__NW_023561320.1__NW_023550340.1__NW_023565373.1	IFN_scaffold_1964:57573000-57831000	96.275	1530	49	5	286504	288031	166726	168249	0.0	2503	535636	258000
GCF_014825515.1_IFN_syntenic__NW_023560061.1__NW_023561320.1__NW_023550340.1__NW_023565373.1	IFN_scaffold_1964:57573000-57831000	99.285	1259	9	0	166069	167327	106217	104959	0.0	2276	535636	258000
GCF_014825515.1_IFN_syntenic__NW_023560061.1__NW_023561320.1__NW_023550340.1__NW_023565373.1	IFN_scaffold_1964:57573000-57831000	95.539	1188	42	5	288097	289279	214864	216045	0.0	1890	535636	258000
